42 0
40.2957 0.1
38.5833 0.2
36.8635 0.3
35.1369 0.4
33.4043 0.5
31.6663 0.6
29.9236 0.7
28.177 0.8
26.427 0.9
24.6746 1
22.9202 1.1
21.1647 1.2
19.4087 1.3
17.653 1.4
15.8982 1.5
14.145 1.6
12.3942 1.7
10.6464 1.8
8.90238 1.9
7.16278 2
5.42832 2.1
3.69968 2.2
1.97757 2.3
0.262658 2.4
-1.44435 2.5
-3.14279 2.6
-4.83197 2.7
-6.51121 2.8
-8.17986 2.9
-9.83723 3
-11.4827 3.1
-13.1155 3.2
-14.7351 3.3
-16.3408 3.4
-17.932 3.5
-19.508 3.6
-21.0682 3.7
-22.6119 3.8
-24.1387 3.9
-25.6477 4
-27.1385 4.1
-28.6105 4.2
-30.063 4.3
-31.4955 4.4
-32.9074 4.5
-34.2981 4.6
-35.6671 4.7
-37.0138 4.8
-38.3378 4.9
-39.6384 5
-40.9151 5.1
-42.1675 5.2
-43.395 5.3
-44.5972 5.4
-45.7735 5.5
-46.9235 5.6
-48.0468 5.7
-49.1428 5.8
-50.2112 5.9
-51.2515 6
-52.2632 6.1
-53.2461 6.2
-54.1997 6.3
-55.1236 6.4
-56.0175 6.5
-56.8809 6.6
-57.7136 6.7
-58.5152 6.8
-59.2855 6.9
-60.0239 7
-60.7304 7.1
-61.4046 7.2
-62.0463 7.3
-62.6551 7.4
-63.2309 7.5
-63.7733 7.6
-64.2823 7.7
-64.7575 7.8
-65.1989 7.9
-65.6061 8
-65.9792 8.1
-66.3178 8.2
-66.6219 8.3
-66.8914 8.4
-67.1261 8.5
-67.3259 8.6
-67.4909 8.7
-67.6208 8.8
-67.7157 8.9
-67.7755 9
-67.8002 9.1
-67.7898 9.2
-67.7442 9.3
-67.6636 9.4
-67.5479 9.5
-67.3972 9.6
-67.2115 9.7
-66.9909 9.8
-66.7356 9.9
-66.4455 10
-66.1209 10.1
-65.7618 10.2
-65.3684 10.3
-64.9409 10.4
-64.4794 10.5
-63.9841 10.6
-63.4552 10.7
-62.893 10.8
-62.2976 10.9
-61.6692 11
-61.0082 11.1
-60.3148 11.2
-59.5893 11.3
-58.8319 11.4
-58.043 11.5
-57.2229 11.6
-56.3719 11.7
-55.4904 11.8
-54.5786 11.9
-53.637 12
-52.666 12.1
-51.6659 12.2
-50.6371 12.3
-49.5801 12.4
-48.4953 12.5
-47.3831 12.6
-46.2439 12.7
-45.0782 12.8
-43.8864 12.9
-42.6692 13
-41.4268 13.1
-40.1599 13.2
-38.8689 13.3
-37.5544 13.4
-36.2169 13.5
-34.8568 13.6
-33.4749 13.7
-32.0715 13.8
-30.6473 13.9
-29.2029 14
-27.7388 14.1
-26.2555 14.2
-24.7538 14.3
-23.2342 14.4
-21.6973 14.5
-20.1437 14.6
-18.574 14.7
-16.9889 14.8
-15.3891 14.9
-13.775 15
-12.1475 15.1
-10.5071 15.2
-8.85449 15.3
-7.19035 15.4
-5.51533 15.5
-3.8301 15.6
-2.13535 15.7
-0.431737 15.8
1.28005 15.9
2.99932 16
4.72539 16.1
6.45757 16.2
8.19517 16.3
9.93749 16.4
11.6838 16.5
13.4335 16.6
15.1858 16.7
16.94 16.8
18.6955 16.9
20.4514 17
22.2072 17.1
23.9621 17.2
25.7154 17.3
27.4665 17.4
29.2145 17.5
30.9589 17.6
32.6989 17.7
34.4338 17.8
36.1629 17.9
37.8856 18
39.6011 18.1
41.3087 18.2
43.0079 18.3
44.6978 18.4
46.3779 18.5
48.0474 18.6
49.7057 18.7
51.3521 18.8
52.986 18.9
54.6066 19
56.2135 19.1
57.8058 19.2
59.383 19.3
60.9445 19.4
62.4896 19.5
64.0177 19.6
65.5282 19.7
67.0205 19.8
68.494 19.9
69.9481 20
71.3822 20.1
72.7957 20.2
74.1881 20.3
75.5589 20.4
76.9074 20.5
78.2332 20.6
79.5357 20.7
80.8143 20.8
82.0687 20.9
83.2982 21
84.5024 21.1
85.6808 21.2
86.8329 21.3
87.9583 21.4
89.0565 21.5
90.1271 21.6
91.1696 21.7
92.1837 21.8
93.1689 21.9
94.1249 22
95.0511 22.1
95.9474 22.2
96.8133 22.3
97.6484 22.4
98.4526 22.5
99.2253 22.6
99.9663 22.7
100.675 22.8
101.352 22.9
101.996 23
102.608 23.1
103.186 23.2
103.731 23.3
104.243 23.4
104.721 23.5
105.165 23.6
105.575 23.7
105.951 23.8
106.292 23.9
106.599 24
106.871 24.1
107.109 24.2
107.311 24.3
107.479 24.4
107.612 24.5
107.709 24.6
107.772 24.7
107.8 24.8
107.792 24.9
107.749 25
107.671 25.1
107.558 25.2
107.41 25.3
107.228 25.4
107.01 25.5
106.757 25.6
106.47 25.7
106.148 25.8
105.792 25.9
105.401 26
104.976 26.1
104.517 26.2
104.025 26.3
103.499 26.4
102.939 26.5
102.346 26.6
101.72 26.7
101.062 26.8
100.371 26.9
99.6482 27
98.8934 27.1
98.107 27.2
97.2893 27.3
96.4408 27.4
95.5617 27.5
94.6523 27.6
93.7131 27.7
92.7444 27.8
91.7466 27.9
90.7201 28
89.6653 28.1
88.5827 28.2
87.4726 28.3
86.3356 28.4
85.172 28.5
83.9823 28.6
82.767 28.7
81.5267 28.8
80.2617 28.9
78.9726 29
77.6599 29.1
76.3242 29.2
74.966 29.3
73.5857 29.4
72.184 29.5
70.7615 29.6
69.3186 29.7
67.8561 29.8
66.3743 29.9
64.8741 30
63.3558 30.1
61.8203 30.2
60.268 30.3
58.6996 30.4
57.1157 30.5
55.517 30.6
53.9041 30.7
52.2776 30.8
50.6382 30.9
48.9865 31
47.3233 31.1
45.6491 31.2
43.9647 31.3
42.2706 31.4
40.5677 31.5
38.8566 31.6
37.1379 31.7
35.4123 31.8
33.6806 31.9
31.9434 32
30.2014 32.1
28.4554 32.2
26.7059 32.3
24.9538 32.4
23.1997 32.5
21.4444 32.6
19.6884 32.7
17.9326 32.8
16.1776 32.9
14.4241 33
12.6729 33.1
10.9245 33.2
9.17987 33.3
7.43951 33.4
5.70419 33.5
3.97458 33.6
2.25137 33.7
0.535273 33.8
-1.17304 33.9
-2.87289 34
-4.56359 34.1
-6.24446 34.2
-7.91484 34.3
-9.57405 34.4
-11.2214 34.5
-12.8563 34.6
-14.4781 34.7
-16.086 34.8
-17.6796 34.9
-19.258 35
-20.8208 35.1
-22.3672 35.2
-23.8967 35.3
-25.4086 35.4
-26.9023 35.5
-28.3773 35.6
-29.833 35.7
-31.2687 35.8
-32.6839 35.9
-34.078 36
-35.4505 36.1
-36.8009 36.2
-38.1285 36.3
-39.4328 36.4
-40.7134 36.5
-41.9697 36.6
-43.2012 36.7
-44.4074 36.8
-45.5879 36.9
-46.7421 37
-47.8697 37.1
-48.9701 37.2
-50.0429 37.3
-51.0877 37.4
-52.104 37.5
-53.0915 37.6
-54.0498 37.7
-54.9785 37.8
-55.8771 37.9
-56.7455 38
-57.5831 38.1
-58.3897 38.2
-59.1649 38.3
-59.9085 38.4
-60.6201 38.5
-61.2994 38.6
-61.9463 38.7
-62.5603 38.8
-63.1414 38.9
-63.6892 39
-64.2035 39.1
-64.6841 39.2
-65.1309 39.3
-65.5436 39.4
-65.9221 39.5
-66.2662 39.6
-66.5758 39.7
-66.8508 39.8
-67.091 39.9
-67.2965 40
-67.4669 40.1
-67.6025 40.2
-67.7029 40.3
-67.7683 40.4
-67.7986 40.5
-67.7938 40.6
-67.7538 40.7
-67.6788 40.8
-67.5687 40.9
-67.4235 41
-67.2434 41.1
-67.0284 41.2
-66.7786 41.3
-66.494 41.4
-66.1749 41.5
-65.8213 41.6
-65.4334 41.7
-65.0113 41.8
-64.5552 41.9
-64.0653 42
-63.5417 42.1
-62.9848 42.2
-62.3946 42.3
-61.7715 42.4
-61.1157 42.5
-60.4274 42.6
-59.707 42.7
-58.9547 42.8
-58.1708 42.9
-57.3556 43
-56.5095 43.1
-55.6328 43.2
-54.7258 43.3
-53.789 43.4
-52.8226 43.5
-51.8271 43.6
-50.8029 43.7
-49.7504 43.8
-48.6699 43.9
-47.562 44
-46.4271 44.1
-45.2656 44.2
-44.078 44.3
-42.8647 44.4
-41.6263 44.5
-40.3633 44.6
-39.0761 44.7
-37.7653 44.8
-36.4314 44.9
-35.0749 45
-33.6964 45.1
-32.2964 45.2
-30.8755 45.3
-29.4343 45.4
-27.9732 45.5
-26.493 45.6
-24.9942 45.7
-23.4774 45.8
-21.9432 45.9
-20.3922 46
-18.8251 46.1
-17.2424 46.2
-15.6448 46.3
-14.033 46.4
-12.4076 46.5
-10.7692 46.6
-9.11848 46.7
-7.45613 46.8
-5.7828 46.9
-4.09916 47
-2.40587 47.1
-0.703628 47.2
1.0069 47.3
2.72502 47.4
4.45006 47.5
6.18131 47.6
7.91809 47.7
9.65971 47.8
11.4055 47.9
13.1546 48
14.9066 48.1
16.6605 48.2
18.4158 48.3
20.1718 48.4
21.9276 48.5
23.6827 48.6
25.4363 48.7
27.1878 48.8
28.9364 48.9
30.6813 49
32.4221 49.1
34.1578 49.2
35.8879 49.3
37.6117 49.4
39.3283 49.5
41.0373 49.6
42.7379 49.7
44.4293 49.8
46.111 49.9
47.7822 50
49.4423 50.1
51.0907 50.2
52.7266 50.3
54.3494 50.4
55.9585 50.5
57.5532 50.6
59.1329 50.7
60.6969 50.8
62.2447 50.9
63.7755 51
65.2888 51.1
66.7841 51.2
68.2606 51.3
69.7178 51.4
71.1551 51.5
72.572 51.6
73.9678 51.7
75.3421 51.8
76.6942 51.9
78.0236 52
79.3298 52.1
80.6123 52.2
81.8706 52.3
83.1041 52.4
84.3123 52.5
85.4949 52.6
86.6512 52.7
87.7809 52.8
88.8835 52.9
89.9585 53
91.0055 53.1
92.0241 53.2
93.014 53.3
93.9746 53.4
94.9056 53.5
95.8067 53.6
96.6774 53.7
97.5175 53.8
98.3266 53.9
99.1043 54
99.8504 54.1
100.565 54.2
101.247 54.3
101.896 54.4
102.513 54.5
103.096 54.6
103.647 54.7
104.164 54.8
104.647 54.9
105.097 55
105.512 55.1
105.893 55.2
106.24 55.3
106.552 55.4
106.83 55.5
107.073 55.6
107.281 55.7
107.455 55.8
107.593 55.9
107.696 56
107.764 56.1
107.797 56.2
107.795 56.3
107.758 56.4
107.686 56.5
107.579 56.6
107.436 56.7
107.259 56.8
107.047 56.9
106.8 57
106.518 57.1
106.202 57.2
105.851 57.3
105.466 57.4
105.046 57.5
104.593 57.6
104.106 57.7
103.585 57.8
103.03 57.9
102.443 58
101.822 58.1
101.169 58.2
100.483 58.3
99.7655 58.4
99.0157 58.5
98.2343 58.6
97.4216 58.7
96.578 58.8
95.7037 58.9
94.7991 59
93.8647 59.1
92.9006 59.2
91.9075 59.3
90.8855 59.4
89.8352 59.5
88.757 59.6
87.6512 59.7
86.5184 59.8
85.359 59.9
84.1735 60
82.9623 60.1
81.7259 60.2
80.4648 60.3
79.1795 60.4
77.8706 60.5
76.5385 60.6
75.1838 60.7
73.807 60.8
72.4087 60.9
70.9894 61
69.5498 61.1
68.0903 61.2
66.6116 61.3
65.1142 61.4
63.5988 61.5
62.066 61.6
60.5163 61.7
58.9504 61.8
57.369 61.9
55.7726 62
54.1619 62.1
52.5375 62.2
50.9001 62.3
49.2504 62.4
47.5889 62.5
45.9164 62.6
44.2336 62.7
42.5411 62.8
40.8395 62.9
39.1296 63
37.4121 63.1
35.6875 63.2
33.9568 63.3
32.2204 63.4
30.4791 63.5
28.7337 63.6
26.9848 63.7
25.233 63.8
23.4792 63.9
21.724 64
19.9681 64.1
18.2122 64.2
16.457 64.3
14.7032 64.4
12.9516 64.5
11.2028 64.6
9.45746 64.7
7.71637 64.8
5.9802 64.9
4.24963 65
2.52536 65.1
0.808085 65.2
-0.901517 65.3
-2.60276 65.4
-4.29496 65.5
-5.97744 65.6
-7.64953 65.7
-9.31057 65.8
-10.9599 65.9
-12.5968 66
-14.2207 66.1
-15.8309 66.2
-17.4268 66.3
-19.0077 66.4
-20.5729 66.5
-22.122 66.6
-23.6542 66.7
-25.169 66.8
-26.6657 66.9
-28.1437 67
-29.6025 67.1
-31.0414 67.2
-32.4599 67.3
-33.8574 67.4
-35.2334 67.5
-36.5873 67.6
-37.9186 67.7
-39.2267 67.8
-40.5111 67.9
-41.7713 68
-43.0068 68.1
-44.217 68.2
-45.4016 68.3
-46.5601 68.4
-47.6919 68.5
-48.7967 68.6
-49.8739 68.7
-50.9232 68.8
-51.9441 68.9
-52.9362 69
-53.8992 69.1
-54.8326 69.2
-55.736 69.3
-56.6092 69.4
-57.4517 69.5
-58.2633 69.6
-59.0435 69.7
-59.7922 69.8
-60.5089 69.9
-61.1934 70
-61.8454 70.1
-62.4647 70.2
-63.0511 70.3
-63.6042 70.4
-64.1238 70.5
-64.6098 70.6
-65.062 70.7
-65.4801 70.8
-65.8641 70.9
-66.2137 71
-66.5288 71.1
-66.8093 71.2
-67.0551 71.3
-67.2661 71.4
-67.4421 71.5
-67.5832 71.6
-67.6893 71.7
-67.7603 71.8
-67.7961 71.9
-67.7969 72
-67.7625 72.1
-67.6931 72.2
-67.5885 72.3
-67.449 72.4
-67.2744 72.5
-67.065 72.6
-66.8207 72.7
-66.5417 72.8
-66.228 72.9
-65.8799 73
-65.4974 73.1
-65.0808 73.2
-64.6301 73.3
-64.1455 73.4
-63.6273 73.5
-63.0757 73.6
-62.4908 73.7
-61.8729 73.8
-61.2223 73.9
-60.5392 74
-59.8239 74.1
-59.0766 74.2
-58.2977 74.3
-57.4875 74.4
-56.6463 74.5
-55.7744 74.6
-54.8723 74.7
-53.9402 74.8
-52.9785 74.9
-51.9876 75
-50.9679 75.1
-49.9199 75.2
-48.8438 75.3
-47.7403 75.4
-46.6096 75.5
-45.4523 75.6
-44.2688 75.7
-43.0597 75.8
-41.8252 75.9
-40.5661 76
-39.2827 76.1
-37.9757 76.2
-36.6454 76.3
-35.2925 76.4
-33.9174 76.5
-32.5208 76.6
-31.1032 76.7
-29.6651 76.8
-28.2072 76.9
-26.73 77
-25.2341 77.1
-23.7201 77.2
-22.1887 77.3
-20.6403 77.4
-19.0757 77.5
-17.4955 77.6
-15.9002 77.7
-14.2907 77.8
-12.6673 77.9
-11.031 78
-9.38218 78.1
-7.72164 78.2
-6.05001 78.3
-4.36797 78.4
-2.67617 78.5
-0.975309 78.6
0.733945 78.7
2.45091 78.8
4.17489 78.9
5.90519 79
7.64114 79.1
9.38203 79.2
11.1272 79.3
12.8759 79.4
14.6274 79.5
16.3811 79.6
18.1362 79.7
19.8921 79.8
21.648 79.9
23.4033 80
25.1572 80.1
26.909 80.2
28.6581 80.3
30.4037 80.4
32.1451 80.5
33.8817 80.6
35.6128 80.7
37.3376 80.8
39.0554 80.9
40.7657 81
42.4676 81.1
44.1606 81.2
45.8438 81.3
47.5168 81.4
49.1787 81.5
50.829 81.6
52.4669 81.7
54.0919 81.8
55.7032 81.9
57.3002 82
58.8823 82.1
60.4489 82.2
61.9993 82.3
63.5328 82.4
65.049 82.5
66.5472 82.6
68.0267 82.7
69.487 82.8
70.9276 82.9
72.3477 83
73.7469 83.1
75.1247 83.2
76.4803 83.3
77.8134 83.4
79.1234 83.5
80.4097 83.6
81.6718 83.7
82.9093 83.8
84.1216 83.9
85.3083 84
86.4688 84.1
87.6028 84.2
88.7097 84.3
89.7891 84.4
90.8406 84.5
91.8638 84.6
92.8583 84.7
93.8236 84.8
94.7593 84.9
95.6652 85
96.5408 85.1
97.3858 85.2
98.1998 85.3
98.9826 85.4
99.7337 85.5
100.453 85.6
101.14 85.7
101.795 85.8
102.417 85.9
103.006 86
103.561 86.1
104.084 86.2
104.572 86.3
105.027 86.4
105.448 86.5
105.835 86.6
106.187 86.7
106.505 86.8
106.788 86.9
107.037 87
107.251 87.1
107.429 87.2
107.573 87.3
107.682 87.4
107.756 87.5
107.795 87.6
107.798 87.7
107.767 87.8
107.7 87.9
107.598 88
107.461 88.1
107.29 88.2
107.083 88.3
106.841 88.4
106.565 88.5
106.254 88.6
105.909 88.7
105.529 88.8
105.115 88.9
104.667 89
104.185 89.1
103.67 89.2
103.121 89.3
102.539 89.4
101.923 89.5
101.275 89.6
100.595 89.7
99.882 89.8
99.1373 89.9
98.3609 90
97.5532 90.1
96.7144 90.2
95.845 90.3
94.9452 90.4
94.0155 90.5
93.0561 90.6
92.0676 90.7
91.0502 90.8
90.0044 90.9
88.9305 91
87.8292 91.1
86.7006 91.2
85.5454 91.3
84.364 91.4
83.1569 91.5
81.9245 91.6
80.6673 91.7
79.3858 91.8
78.0806 91.9
76.7522 92
75.401 92.1
74.0277 92.2
72.6328 92.3
71.2168 92.4
69.7804 92.5
68.324 92.6
66.8484 92.7
65.3539 92.8
63.8414 92.9
62.3112 93
60.7642 93.1
59.2009 93.2
57.6219 93.3
56.0278 93.4
54.4193 93.5
52.7971 93.6
51.1617 93.7
49.5139 93.8
47.8543 93.9
46.1835 94
44.5023 94.1
42.8112 94.2
41.1111 94.3
39.4025 94.4
37.6861 94.5
35.9626 94.6
34.2328 94.7
32.4973 94.8
30.7568 94.9
29.0119 95
27.2635 95.1
25.5122 95.2
23.7586 95.3
22.0036 95.4
20.2477 95.5
18.4918 95.6
16.7365 95.7
14.9824 95.8
13.2304 95.9
11.4811 96
9.73517 96.1
7.99336 96.2
6.25635 96.3
4.52485 96.4
2.79953 96.5
1.08109 96.6
-0.629779 96.7
-2.3324 96.8
-4.02608 96.9
-5.71016 97
-7.38395 97.1
-9.04679 97.2
-10.698 97.3
-12.337 97.4
-13.963 97.5
-15.5754 97.6
-17.1736 97.7
-18.7569 97.8
-20.3247 97.9
-21.8764 98
-23.4114 98.1
-24.9289 98.2
-26.4285 98.3
-27.9096 98.4
-29.3715 98.5
-30.8136 98.6
-32.2354 98.7
-33.6363 98.8
-35.0157 98.9
-36.3732 99
-37.7081 99.1
-39.0199 99.2
-40.3081 99.3
-41.5722 99.4
-42.8117 99.5
-44.026 99.6
-45.2147 99.7
-46.3774 99.8
-47.5135 99.9
-48.6225 100
